m = 1
v = 2